Marker ID: 13 | Detection Rate: 100.0
0 0 1 0
1 0 1 0
0 0 0 0
1 1 1 1
------------------------------------------------------------
Marker ID: 17 | Detection Rate: 100.0
0 1 1 0
0 1 1 0
0 0 0 0
0 0 0 0
------------------------------------------------------------
Marker ID: 49 | Detection Rate: 100.0
0 1 0 1
0 0 0 0
0 0 0 1
0 0 1 1
------------------------------------------------------------
Marker ID: 62 | Detection Rate: 100.0
1 0 0 0
0 0 0 0
1 0 1 0
0 0 0 0
------------------------------------------------------------
Marker ID: 41 | Detection Rate: 100.0
0 0 1 0
1 0 1 0
0 0 1 0
1 0 0 0
------------------------------------------------------------
Marker ID: 85 | Detection Rate: 100.0
1 1 1 1
1 0 1 1
1 0 1 1
1 0 1 1
------------------------------------------------------------
Marker ID: 107 | Detection Rate: 100.0
0 0 0 0
1 0 1 0
1 0 0 0
1 0 0 0
------------------------------------------------------------
Marker ID: 110 | Detection Rate: 100.0
0 0 0 0
0 0 0 0
0 0 0 1
1 1 0 0
------------------------------------------------------------
Marker ID: 126 | Detection Rate: 100.0
0 0 0 0
1 1 0 0
0 0 0 0
1 1 1 0
------------------------------------------------------------
Marker ID: 112 | Detection Rate: 100.0
0 0 0 0
1 0 0 0
0 0 1 1
0 1 1 1
------------------------------------------------------------
Marker ID: 140 | Detection Rate: 100.0
0 0 0 1
1 1 0 1
1 0 0 0
0 0 0 0
------------------------------------------------------------
Marker ID: 118 | Detection Rate: 100.0
0 0 0 1
0 0 0 0
1 0 0 0
0 0 1 0
------------------------------------------------------------
Marker ID: 10 | Detection Rate: 99.97
1 1 1 1
1 0 0 1
1 0 0 1
0 0 0 1
------------------------------------------------------------
Marker ID: 23 | Detection Rate: 99.97
1 1 0 1
1 1 0 1
1 0 0 0
0 0 1 0
------------------------------------------------------------
Marker ID: 80 | Detection Rate: 99.97
1 1 0 0
1 1 0 0
1 0 0 1
1 0 0 0
------------------------------------------------------------
Marker ID: 115 | Detection Rate: 99.97
0 0 0 0
1 0 1 1
0 0 0 0
0 0 0 1
------------------------------------------------------------
Marker ID: 136 | Detection Rate: 99.94
0 0 0 0
1 1 1 1
1 0 0 1
0 0 0 1
------------------------------------------------------------
Marker ID: 87 | Detection Rate: 99.94
1 1 1 1
0 1 1 1
0 1 0 0
1 1 0 1
------------------------------------------------------------
Marker ID: 30 | Detection Rate: 99.91
0 1 0 0
0 1 0 0
0 0 0 1
0 1 0 1
------------------------------------------------------------
Marker ID: 99 | Detection Rate: 99.82
0 1 1 1
0 0 0 0
1 1 0 0
0 1 1 1
------------------------------------------------------------
Marker ID: 121 | Detection Rate: 99.36
0 0 0 1
0 0 0 0
0 1 1 1
0 0 1 1
------------------------------------------------------------
Marker ID: 69 | Detection Rate: 99.27
1 0 0 1
1 1 0 0
1 0 0 0
1 0 0 1
------------------------------------------------------------
Marker ID: 50 | Detection Rate: 99.27
0 1 0 1
0 0 0 1
1 0 0 1
0 1 0 0
------------------------------------------------------------
Marker ID: 142 | Detection Rate: 99.02
0 0 0 1
1 1 1 1
1 0 0 0
1 0 1 1
------------------------------------------------------------
Marker ID: 120 | Detection Rate: 98.87
0 0 0 1
0 0 0 0
0 1 1 1
1 0 0 0
------------------------------------------------------------
Marker ID: 108 | Detection Rate: 98.84
0 0 0 0
1 0 1 0
1 0 0 0
0 1 1 0
------------------------------------------------------------
Marker ID: 64 | Detection Rate: 98.57
1 0 0 0
1 0 1 1
1 0 1 0
0 0 1 0
------------------------------------------------------------
Marker ID: 4 | Detection Rate: 98.51
0 1 0 1
0 1 0 0
1 0 0 1
1 1 1 0
------------------------------------------------------------
Marker ID: 48 | Detection Rate: 98.38
0 1 0 1
0 0 0 0
0 0 1 0
1 1 1 0
------------------------------------------------------------
Marker ID: 5 | Detection Rate: 98.23
0 1 1 1
1 0 0 1
1 1 0 0
1 1 0 1
------------------------------------------------------------
Marker ID: 94 | Detection Rate: 98.2
0 1 0 0
1 0 0 1
1 1 0 1
1 0 0 0
------------------------------------------------------------
Marker ID: 125 | Detection Rate: 98.05
0 0 0 1
0 0 1 1
0 0 0 0
0 1 1 0
------------------------------------------------------------
Marker ID: 127 | Detection Rate: 97.87
0 0 0 0
1 1 0 0
1 1 1 1
0 0 0 1
------------------------------------------------------------
Marker ID: 40 | Detection Rate: 97.84
0 0 0 1
0 1 1 1
0 0 0 1
1 0 0 0
------------------------------------------------------------
Marker ID: 21 | Detection Rate: 97.8
1 0 1 1
0 0 0 0
0 0 1 0
1 0 1 1
------------------------------------------------------------
Marker ID: 1 | Detection Rate: 97.8
0 0 0 0
1 1 1 1
1 0 0 1
1 0 1 0
------------------------------------------------------------
Marker ID: 43 | Detection Rate: 97.68
0 0 1 1
1 0 0 0
1 0 1 1
0 0 1 0
------------------------------------------------------------
Marker ID: 131 | Detection Rate: 97.5
0 0 0 0
1 1 1 0
1 1 1 1
1 1 0 1
------------------------------------------------------------
Marker ID: 86 | Detection Rate: 97.41
1 1 1 0
1 1 1 0
0 0 1 0
1 0 1 0
------------------------------------------------------------
Marker ID: 129 | Detection Rate: 97.23
0 0 0 0
1 1 0 0
1 0 0 1
1 1 1 1
------------------------------------------------------------
Marker ID: 63 | Detection Rate: 96.62
1 0 0 0
0 0 1 1
0 1 0 0
0 1 0 0
------------------------------------------------------------
Marker ID: 52 | Detection Rate: 96.4
0 1 0 1
1 1 0 1
0 1 0 0
0 0 0 1
------------------------------------------------------------
Marker ID: 141 | Detection Rate: 96.34
0 0 0 1
0 1 0 1
1 1 0 0
1 0 0 0
------------------------------------------------------------
Marker ID: 114 | Detection Rate: 96.31
0 0 0 0
1 0 0 1
1 1 0 0
0 1 1 0
------------------------------------------------------------
Marker ID: 139 | Detection Rate: 95.85
0 0 0 1
0 1 0 0
0 0 1 1
1 0 0 1
------------------------------------------------------------
Marker ID: 74 | Detection Rate: 95.79
1 0 1 1
1 1 1 1
1 1 0 0
1 0 0 0
------------------------------------------------------------
Marker ID: 2 | Detection Rate: 95.76
0 0 1 1
0 0 1 1
0 0 1 0
1 1 0 1
------------------------------------------------------------
Marker ID: 77 | Detection Rate: 95.76
1 1 0 0
1 0 0 1
0 1 1 0
0 0 1 0
------------------------------------------------------------
Marker ID: 37 | Detection Rate: 95.61
0 0 0 0
0 1 0 0
1 1 1 1
1 1 1 1
------------------------------------------------------------
Marker ID: 98 | Detection Rate: 95.49
0 1 1 0
1 0 0 1
1 1 1 0
0 1 0 0
------------------------------------------------------------
Marker ID: 33 | Detection Rate: 95.34
1 1 1 1
0 0 0 0
1 1 0 0
1 0 1 1
------------------------------------------------------------
Marker ID: 138 | Detection Rate: 94.09
0 0 0 1
1 1 1 0
1 1 1 0
0 1 0 0
------------------------------------------------------------
Marker ID: 132 | Detection Rate: 93.99
0 0 0 0
0 1 1 1
0 1 0 0
1 1 0 0
------------------------------------------------------------
Marker ID: 113 | Detection Rate: 93.72
0 0 0 0
1 0 1 0
0 0 1 1
0 0 0 1
------------------------------------------------------------
Marker ID: 76 | Detection Rate: 93.66
1 1 0 0
1 0 1 0
0 0 0 1
1 1 1 1
------------------------------------------------------------
Marker ID: 3 | Detection Rate: 93.57
1 0 0 1
1 0 0 1
0 1 0 0
0 1 1 0
------------------------------------------------------------
Marker ID: 130 | Detection Rate: 93.45
0 0 0 0
1 1 1 0
1 1 1 1
0 0 1 0
------------------------------------------------------------
Marker ID: 109 | Detection Rate: 93.45
0 0 0 0
0 0 1 0
0 1 1 0
1 1 1 1
------------------------------------------------------------
Marker ID: 102 | Detection Rate: 93.36
1 1 1 0
1 1 0 1
0 1 0 0
1 1 1 1
------------------------------------------------------------
Marker ID: 82 | Detection Rate: 93.11
1 1 0 0
0 1 0 1
0 0 1 1
0 1 1 1
------------------------------------------------------------
Marker ID: 25 | Detection Rate: 93.08
1 0 0 1
0 1 0 0
0 1 1 1
0 0 0 1
------------------------------------------------------------
Marker ID: 97 | Detection Rate: 92.99
0 1 0 0
1 1 1 1
1 1 0 1
0 0 1 1
------------------------------------------------------------
Marker ID: 90 | Detection Rate: 92.87
0 1 1 1
0 1 1 0
0 0 0 1
0 1 1 1
------------------------------------------------------------
Marker ID: 111 | Detection Rate: 92.65
0 0 0 0
0 0 0 0
1 0 0 1
0 1 1 1
------------------------------------------------------------
Marker ID: 103 | Detection Rate: 92.41
1 1 1 1
1 1 0 0
1 1 1 0
0 1 1 1
------------------------------------------------------------
Marker ID: 75 | Detection Rate: 92.23
1 0 1 1
0 1 1 1
1 0 1 0
1 0 1 1
------------------------------------------------------------
Marker ID: 16 | Detection Rate: 92.1
0 1 0 0
0 1 1 0
0 1 1 0
0 1 0 1
------------------------------------------------------------
Marker ID: 32 | Detection Rate: 91.83
1 0 0 1
1 1 1 0
1 1 0 0
1 1 1 1
------------------------------------------------------------
Marker ID: 26 | Detection Rate: 91.55
1 0 1 0
1 1 0 0
1 1 1 0
0 1 0 0
------------------------------------------------------------
Marker ID: 93 | Detection Rate: 91.34
0 0 1 0
1 1 0 1
1 1 0 0
0 0 0 1
------------------------------------------------------------
Marker ID: 106 | Detection Rate: 91.25
0 0 0 0
0 0 0 0
0 1 0 0
0 0 1 1
------------------------------------------------------------
Marker ID: 91 | Detection Rate: 91.13
0 0 0 0
1 0 1 0
1 1 0 0
1 1 1 1
------------------------------------------------------------
Marker ID: 38 | Detection Rate: 90.61
0 0 0 0
1 1 0 1
1 1 1 1
0 1 1 0
------------------------------------------------------------
Marker ID: 45 | Detection Rate: 90.49
0 0 1 0
1 1 1 0
1 1 1 0
1 0 1 1
------------------------------------------------------------
Marker ID: 6 | Detection Rate: 90.3
1 0 0 1
1 1 1 0
0 0 1 0
1 1 1 0
------------------------------------------------------------
Marker ID: 54 | Detection Rate: 90.07
0 1 1 0
1 0 0 0
0 0 0 0
0 0 0 1
------------------------------------------------------------
Marker ID: 61 | Detection Rate: 89.79
0 1 1 1
1 1 1 0
0 0 0 1
1 0 1 1
------------------------------------------------------------
Marker ID: 71 | Detection Rate: 89.48
1 0 1 1
1 0 1 1
0 1 1 1
1 1 0 0
------------------------------------------------------------
Marker ID: 83 | Detection Rate: 89.21
1 1 1 0
1 0 0 1
0 1 0 1
1 1 0 1
------------------------------------------------------------
Marker ID: 123 | Detection Rate: 89.18
0 0 0 1
0 0 1 0
1 0 1 1
0 0 0 1
------------------------------------------------------------
Marker ID: 89 | Detection Rate: 89.15
1 0 0 0
1 0 1 0
1 0 1 0
1 1 0 1
------------------------------------------------------------
Marker ID: 116 | Detection Rate: 89.13
0 0 0 0
1 0 0 1
1 1 1 1
1 0 1 1
------------------------------------------------------------
Marker ID: 15 | Detection Rate: 88.84
0 0 1 0
0 1 1 0
0 0 1 1
1 1 1 0
------------------------------------------------------------
Marker ID: 29 | Detection Rate: 88.84
0 0 1 1
0 1 0 0
0 1 1 0
1 1 1 1
------------------------------------------------------------
Marker ID: 96 | Detection Rate: 88.81
0 1 0 0
1 1 1 1
0 0 1 1
0 1 1 0
------------------------------------------------------------
Marker ID: 66 | Detection Rate: 88.78
1 0 0 0
0 1 0 0
0 1 1 0
1 1 0 0
------------------------------------------------------------
Marker ID: 24 | Detection Rate: 88.44
1 1 1 1
1 1 1 0
0 1 0 0
0 1 1 1
------------------------------------------------------------
Marker ID: 65 | Detection Rate: 88.41
1 0 0 1
0 0 1 1
0 1 1 1
1 0 1 0
------------------------------------------------------------
Marker ID: 36 | Detection Rate: 88.05
0 0 0 1
1 0 0 0
0 1 1 1
0 1 0 1
------------------------------------------------------------
Marker ID: 12 | Detection Rate: 87.9
0 0 0 0
1 1 1 0
1 0 1 1
0 1 1 1
------------------------------------------------------------
Marker ID: 128 | Detection Rate: 87.23
0 0 0 0
0 1 0 0
0 0 1 1
0 0 1 1
------------------------------------------------------------
Marker ID: 73 | Detection Rate: 87.13
1 0 1 1
0 1 1 0
0 1 0 1
1 0 1 1
------------------------------------------------------------
Marker ID: 95 | Detection Rate: 86.8
0 1 0 0
0 0 1 1
1 1 1 1
0 1 0 0
------------------------------------------------------------
Marker ID: 119 | Detection Rate: 86.68
0 0 0 1
1 0 0 0
0 0 1 0
1 1 0 1
------------------------------------------------------------
Marker ID: 14 | Detection Rate: 86.46
0 0 1 0
0 1 0 0
1 0 1 1
0 0 0 1
------------------------------------------------------------
Marker ID: 134 | Detection Rate: 86.43
0 0 0 0
0 1 1 1
0 0 1 0
1 1 1 1
------------------------------------------------------------
Marker ID: 78 | Detection Rate: 85.73
1 1 0 1
1 0 0 1
0 1 0 1
1 0 0 0
------------------------------------------------------------
Marker ID: 104 | Detection Rate: 85.46
1 1 1 1
1 1 1 0
1 0 1 0
0 1 1 0
------------------------------------------------------------
Marker ID: 122 | Detection Rate: 85.4
0 0 0 1
0 0 1 0
0 1 1 1
0 1 0 0
------------------------------------------------------------
Marker ID: 81 | Detection Rate: 85.18
1 1 0 0
0 1 1 1
1 0 1 0
0 0 0 0
------------------------------------------------------------
Marker ID: 18 | Detection Rate: 84.85
0 1 1 0
1 1 0 0
0 1 0 1
1 1 1 0
------------------------------------------------------------
Marker ID: 20 | Detection Rate: 84.76
1 0 0 0
0 1 1 0
1 0 0 0
1 0 1 1
------------------------------------------------------------
Marker ID: 55 | Detection Rate: 84.7
0 1 1 0
1 0 0 0
0 1 1 0
0 1 1 1
------------------------------------------------------------
Marker ID: 88 | Detection Rate: 84.66
0 0 1 1
0 1 0 1
0 1 1 1
0 1 0 1
------------------------------------------------------------
Marker ID: 27 | Detection Rate: 83.5
1 0 1 0
0 1 0 1
0 1 0 1
0 1 0 0
------------------------------------------------------------
Marker ID: 51 | Detection Rate: 82.73
0 1 0 1
0 1 0 1
0 1 1 0
1 0 0 0
------------------------------------------------------------
Marker ID: 7 | Detection Rate: 82.71
1 1 0 0
0 1 0 0
1 1 1 1
0 0 1 0
------------------------------------------------------------
Marker ID: 79 | Detection Rate: 82.68
1 1 0 1
0 0 1 1
1 1 0 1
0 1 0 1
------------------------------------------------------------
Marker ID: 101 | Detection Rate: 82.64
1 0 1 1
0 1 0 0
1 1 1 0
1 0 1 0
------------------------------------------------------------
Marker ID: 58 | Detection Rate: 82.13
0 1 1 0
1 0 1 1
0 0 0 1
0 0 1 0
------------------------------------------------------------
Marker ID: 44 | Detection Rate: 81.96
0 0 1 0
0 1 0 0
1 1 1 0
1 0 0 0
------------------------------------------------------------
Marker ID: 35 | Detection Rate: 81.13
0 0 0 0
1 0 0 1
0 0 1 0
1 0 0 1
------------------------------------------------------------
Marker ID: 124 | Detection Rate: 81.1
0 0 0 1
1 0 1 0
1 1 1 1
1 0 0 1
------------------------------------------------------------
Marker ID: 70 | Detection Rate: 79.21
1 0 0 1
1 1 1 1
1 0 1 0
0 0 0 1
------------------------------------------------------------
Marker ID: 100 | Detection Rate: 78.69
0 1 1 1
1 0 1 0
0 1 1 0
1 1 1 0
------------------------------------------------------------
Marker ID: 72 | Detection Rate: 78.63
1 0 1 1
1 1 0 0
0 0 0 0
0 1 0 0
------------------------------------------------------------
Marker ID: 59 | Detection Rate: 77.53
0 1 1 0
1 1 1 1
1 1 1 0
0 1 0 1
------------------------------------------------------------
Marker ID: 28 | Detection Rate: 75.91
0 0 1 0
0 0 0 1
0 0 1 0
0 0 1 1
------------------------------------------------------------
Marker ID: 84 | Detection Rate: 75.21
1 1 1 1
1 0 0 1
0 0 1 0
0 1 0 1
------------------------------------------------------------
Marker ID: 67 | Detection Rate: 74.81
1 0 0 0
0 1 0 1
0 0 1 0
1 0 1 0
------------------------------------------------------------
Marker ID: 144 | Detection Rate: 74.39
0 0 0 1
1 1 0 1
1 0 1 1
0 0 0 1
------------------------------------------------------------
Marker ID: 39 | Detection Rate: 74.22
0 0 0 1
1 1 0 0
0 1 0 1
1 0 1 0
------------------------------------------------------------
Marker ID: 92 | Detection Rate: 73.88
0 0 0 0
0 1 1 0
0 1 0 0
1 0 1 1
------------------------------------------------------------
Marker ID: 31 | Detection Rate: 73.38
0 1 0 1
0 1 1 1
1 0 1 1
0 0 1 0
------------------------------------------------------------
Marker ID: 60 | Detection Rate: 73.05
0 1 1 0
0 1 1 1
1 1 0 1
1 1 1 1
------------------------------------------------------------
Marker ID: 105 | Detection Rate: 72.22
0 0 0 0
0 0 0 0
0 0 1 0
0 1 0 1
------------------------------------------------------------
Marker ID: 9 | Detection Rate: 72.05
1 1 0 0
1 1 1 1
0 1 0 1
0 1 1 0
------------------------------------------------------------
Marker ID: 0 | Detection Rate: 71.99
1 0 1 1
0 1 0 1
0 0 1 1
0 0 1 0
------------------------------------------------------------
Marker ID: 11 | Detection Rate: 71.52
0 0 0 1
0 0 0 1
1 0 1 0
0 1 1 1
------------------------------------------------------------
Marker ID: 143 | Detection Rate: 70.96
0 0 0 1
0 1 0 1
1 0 1 1
1 0 1 0
------------------------------------------------------------
Marker ID: 47 | Detection Rate: 70.62
0 1 0 0
1 0 1 1
0 1 1 0
0 1 0 0
------------------------------------------------------------
Marker ID: 53 | Detection Rate: 70.3
0 1 0 1
1 1 1 1
1 0 0 1
0 1 1 1
------------------------------------------------------------
Marker ID: 8 | Detection Rate: 70.09
1 1 1 1
1 1 1 0
1 1 0 1
1 0 1 0
------------------------------------------------------------
Marker ID: 56 | Detection Rate: 68.72
0 1 1 0
0 0 0 1
0 0 1 0
0 1 0 0
------------------------------------------------------------
Marker ID: 19 | Detection Rate: 67.68
0 1 1 1
0 1 1 0
1 0 1 0
1 1 1 1
------------------------------------------------------------
Marker ID: 133 | Detection Rate: 66.82
0 0 0 0
1 1 1 1
1 0 1 0
0 1 0 0
------------------------------------------------------------
Marker ID: 68 | Detection Rate: 66.77
1 0 0 0
0 1 0 1
1 0 0 1
1 1 0 0
------------------------------------------------------------
Marker ID: 117 | Detection Rate: 62.76
0 0 0 0
1 0 1 1
0 1 0 1
1 0 0 0
------------------------------------------------------------
Marker ID: 46 | Detection Rate: 61.33
0 0 1 0
1 1 0 1
0 0 1 1
1 1 1 1
------------------------------------------------------------
Marker ID: 57 | Detection Rate: 59.63
0 1 1 0
0 0 0 1
1 1 1 0
1 0 0 1
------------------------------------------------------------
Marker ID: 137 | Detection Rate: 58.48
0 0 0 0
0 1 1 1
1 1 0 1
1 0 1 1
------------------------------------------------------------
Marker ID: 135 | Detection Rate: 43.76
0 0 0 0
0 1 0 1
1 0 1 1
0 1 0 1
------------------------------------------------------------
